1
20
47894.023438
21887.115234
66198.000000
98920.195312
81057.562500
83559.421875
60377.554688
51122.808594
43369.710938
99788.671875
71409.031250
46646.371094
8120.995605
10363.522461
58460.222656
63453.281250
64382.488281
70587.843750
10875.200195
7640.694824
2209.187256
77191.234375
72970.804688
80950.617188
21666.785156
61405.324219
79594.914062
70995.328125
61276.941406
20374.779297
21258.626953
9170.960938
42261.894531
87456.632812
8091.159668
23319.458984
71016.054688
68468.718750
74442.265625
14385.764648
68257.390625
45851.292969
61032.132812
76378.390625
56214.816406
19492.359375
39831.667969
20597.306641
90080.210938
50706.871094
28238.001953
92289.390625
27898.103516
1208.806519
73240.015625
49564.890625
62614.132812
52834.929688
20560.214844
23891.068359
73209.710938
41818.843750
33062.027344
15471.601562
29275.474609
41153.191406
38791.058594
291.527069
9621.906250
13233.328125
14677.291992
77879.296875
59084.625000
75709.429688
54257.679688
15299.439453
95201.781250
94089.343750
35896.746094
85281.992188
44796.214844
64134.746094
77571.382812
72694.320312
65343.554688
50811.398438
22259.208984
27957.683594
3646.326904
42819.421875
51848.750000
76856.031250
84638.265625
84910.781250
92327.632812
13913.738281
26063.972656
31118.693359
14205.266602
35685.878906
44352.023438
28882.556641
13565.174805
3436.644775
4591.984863
67822.859375
18736.083984
99793.773438
61912.203125
54632.832031
85075.765625
6708.418457
18767.578125
62647.152344
79402.742188
84111.132812
13458.549805
1661.945923
12068.818359
17104.876953
44481.371094
63917.570312
93960.914062
29119.634766
48828.355469
86288.546875
43033.375000
74892.320312
17407.242188
57238.636719
10578.205078
61759.261719
86121.203125
24143.380859
65195.906250
90713.187500
91966.234375
83931.992188
90506.960938
53878.437500
38564.820312
75582.718750
60586.859375
57332.402344
38229.875000
39989.597656
41443.539062
51688.421875
41651.539062
53512.359375
68793.296875
86132.906250
17429.927734
62754.207031
15252.545898
66258.281250
49042.753906
58285.921875
41150.609375
66449.992188
15524.561523
51728.816406
28209.259766
1645.760254
75872.195312
93405.171875
92358.945312
67838.429688
77337.156250
82865.898438
21716.869141
15901.984375
58448.625000
82303.726562
73234.382812
96678.492188
22293.324219
14677.923828
48366.917969
63944.863281
68190.273438
17160.216797
50077.773438
85620.203125
79914.429688
65330.320312
51878.488281
28957.179688
23616.240234
93029.101562
95407.179688
39140.800781
44757.910156
23616.435547
40786.562500
20630.105469
17021.605469
33145.503906
88468.531250
94358.765625
16011.406250
10185.402344
10260.749023
74460.031250
92489.132812
83495.132812
71138.523438
14782.452148
98173.054688
19505.443359
78727.320312
66363.343750
36665.660156
28805.091797
51983.546875
16580.083984
94135.406250
3862.033691
45537.265625
17751.652344
96891.132812
40944.441406
56892.453125
41649.039062
64560.878906
97679.015625
62279.148438
81582.484375
30824.521484
50747.679688
75941.250000
46835.929688
60933.082031
86201.992188
21295.958984
53422.210938
69697.132812
92434.484375
68204.664062
67870.195312
11939.926758
46931.980469
34233.527344
48605.585938
75737.070312
86217.078125
65185.671875
69872.484375
90079.101562
10722.934570
87624.140625
86970.242188
51667.375000
44516.589844
28619.281250
16228.253906
42195.605469
90898.421875
97810.742188
73020.132812
41646.105469
73751.984375
19856.058594
2579.188721
59953.980469
41152.019531
56001.402344
29651.115234
33586.503906
24206.068359
97521.304688
45526.425781
71138.046875
31754.835938
94132.015625
46875.125000
17971.908203
59317.683594
16747.609375
8051.015625
70040.617188
4371.745605
95021.250000
21707.992188
48888.335938
23640.533203
37936.246094
91083.945312
14538.958984
35746.984375
64104.074219
56185.066406
9498.968750
83960.132812
58764.253906
69452.953125
25112.148438
14765.656250
99104.062500
58698.648438
38971.722656
96625.375000
4225.079102
10109.774414
28380.208984
98357.093750
56984.894531
46352.117188
57674.773438
73732.507812
54403.132812
27715.390625
78104.250000
49424.386719
49423.382812
26992.589844
73064.914062
87359.632812
18076.531250
87603.882812
23106.611328
82180.601562
43788.941406
32605.580078
66140.734375
2553.197754
2058.531494
91252.890625
17318.853516
1162.598633
49951.535156
56290.578125
97787.968750
54176.617188
66400.351562
26168.179688
52533.703125
23385.250000
72520.296875
10208.480469
97117.750000
26923.429688
37923.871094
75222.007812
76347.812500
87347.250000
2214.594971
49412.734375
74706.882812
20291.126953
37016.617188
97813.492188
2471.730957
80805.562500
30419.072266
68612.468750
83358.757812
32477.605469
59865.347656
677.612305
33640.203125
9816.887695
56968.187500
31428.175781
63993.500000
23368.541016
57596.355469
16527.208984
46753.789062
30116.654297
26735.689453
43871.542969
57040.082031
64659.558594
19093.550781
33387.902344
52006.812500
21308.144531
82800.640625
26713.693359
41599.269531
19817.257812
24527.187500
44071.003906
622.817993
54946.261719
12683.468750
83981.578125
87423.867188
72548.820312
84659.187500
21064.070312
82365.710938
41627.378906
52492.242188
46359.207031
64995.921875
10088.600586
62886.417969
11749.707031